# Total_Mass (10^10 M_sun/h), Pos (x, y, z) (ckpc/h)
 6.480188e+01   1.826639e+03   6.766232e+04   5.105203e+03 
 6.035470e+00   2.005074e+03   4.707063e+01   5.296441e+03 
 3.970704e+00   1.646177e+03   6.773471e+04   4.891224e+03 
 6.035469e+01   3.867140e+04   2.962915e+03   5.366213e+03 
 7.306095e+00   3.889009e+04   2.938005e+03   5.331727e+03 
 6.432540e+01   5.000447e+04   5.986701e+04   6.424427e+04 
 6.289595e+01   3.871459e+03   4.876170e+03   1.542909e+03 
 5.400157e+01   1.065675e+03   1.685979e+02   4.799835e+03 
 5.352509e+01   3.296984e+04   5.242091e+04   4.046506e+04 
 5.241329e+01   4.544506e+01   2.242601e+03   4.836021e+03 
 4.987204e+01   6.243059e+04   6.093321e+04   6.599305e+04 
 4.224829e+01   1.909261e+04   4.204971e+04   2.449402e+04 
 4.066000e+01   4.393486e+04   2.417518e+04   6.010721e+03 
 3.859524e+01   3.876229e+02   1.532109e+03   6.899795e+03 
 3.923055e+01   3.540751e+04   5.647889e+04   3.862029e+04 
 3.780110e+01   1.961395e+03   2.297801e+03   5.199412e+03 
 3.700696e+01   8.404962e+03   1.997584e+04   2.990674e+04 
 3.637165e+01   5.881008e+04   6.003646e+04   2.772293e+04 
 3.446571e+01   6.189185e+04   5.323475e+04   6.310430e+04 
 3.462453e+01   5.271438e+04   3.168209e+03   5.232867e+03 
 3.240094e+01   6.723475e+04   1.284645e+03   6.155351e+03 
 3.208329e+01   4.696435e+04   4.521140e+03   1.152662e+04 
 3.065383e+01   6.327384e+04   3.415914e+03   3.634910e+03 
 3.097149e+01   1.062225e+03   3.362576e+02   3.937613e+03 
 3.144797e+01   1.229349e+04   2.390804e+03   5.211287e+04 
 3.113032e+01   5.326349e+04   5.705762e+04   6.628935e+04 
 2.922438e+01   6.507860e+04   2.348359e+03   4.143381e+03 
 2.700078e+01   7.825253e+02   3.441115e+02   5.022535e+03 
 2.985969e+01   3.901420e+04   2.182547e+03   8.291552e+03 
 2.890672e+01   4.427463e+04   2.525582e+04   7.380303e+03 
 2.922438e+01   4.929975e+04   5.624669e+04   4.309659e+04 
 2.795375e+01   5.208164e+04   1.246051e+04   4.989084e+02 
 2.811258e+01   4.150798e+03   9.454921e+02   3.986231e+02 
 2.795375e+01   5.418042e+04   5.780674e+04   8.719231e+03 
 2.731844e+01   5.216249e+04   1.038916e+04   1.060289e+03 
 2.366539e+01   2.413064e+03   6.720623e+04   5.195977e+03 
 2.652430e+01   1.471508e+04   1.486356e+04   3.529649e+02 
 2.620664e+01   5.334069e+03   5.247064e+04   8.352967e+03 
 2.541250e+01   4.419657e+04   2.501060e+04   6.295411e+03 
 2.557133e+01   5.959878e+04   1.198989e+03   5.830492e+02 
 2.525368e+01   1.313226e+04   2.590112e+03   4.252409e+04 
 2.461836e+01   6.385114e+03   5.926689e+04   6.112671e+04 
 2.445953e+01   1.146496e+03   1.096432e+03   4.915526e+03 
 2.461836e+01   9.501786e+03   1.551095e+03   1.003812e+04 
 2.445953e+01   4.712918e+04   5.759965e+04   1.068127e+02 
 2.461836e+01   6.097039e+04   5.437318e+04   6.531511e+04 
 2.445953e+01   3.217048e+04   2.860555e+04   1.516112e+04 
 2.318891e+01   5.239261e+04   5.851894e+04   6.257186e+04 
 2.382422e+01   4.277123e+03   3.225813e+04   4.568462e+04 
 2.350657e+01   5.683849e+04   6.113380e+04   6.759925e+04 
 2.303008e+01   5.838257e+04   3.394449e+04   2.241674e+04 
 1.270625e+01   2.320829e+04   3.659608e+04   2.574573e+04 
 6.035470e+00   2.300566e+04   3.664864e+04   2.576283e+04 
 2.239477e+01   4.610048e+04   2.317161e+04   1.272291e+04 
 2.223594e+01   1.926819e+04   3.726270e+04   6.761960e+04 
 2.191828e+01   1.691963e+04   2.452178e+04   4.128682e+04 
 2.191828e+01   2.577583e+04   9.554754e+03   2.032370e+04 
 2.160063e+01   2.499989e+04   4.023114e+04   2.317824e+04 
 2.160063e+01   1.900908e+03   3.898398e+03   2.173870e+03 
 2.160063e+01   3.307127e+04   4.979866e+04   2.162120e+04 
 2.144180e+01   5.355067e+04   3.686358e+04   1.981884e+04 
 2.080649e+01   1.183241e+04   1.541755e+04   2.746279e+03 
 2.112414e+01   4.361865e+04   6.767408e+04   9.635468e+03 
 2.064766e+01   1.120838e+03   1.878751e+03   4.976795e+03 
 2.112414e+01   4.786271e+04   5.136191e+03   1.752473e+03 
 2.064766e+01   1.113702e+03   5.423143e+04   2.137897e+04 
 2.017118e+01   5.104061e+03   3.494876e+03   5.569788e+03 
 2.017118e+01   1.426233e+03   1.165657e+04   5.626189e+03 
 1.890055e+01   1.956937e+04   4.258949e+04   2.475586e+04 
 1.953586e+01   4.251507e+03   3.267994e+04   3.987455e+04 
 2.001235e+01   1.433460e+04   1.683153e+04   4.668773e+04 
 2.001235e+01   5.103114e+04   5.581932e+04   2.472433e+04 
 1.953586e+01   5.605009e+04   2.699459e+04   3.580444e+04 
 1.969469e+01   5.673777e+04   6.701193e+04   2.274200e+04 
 1.969469e+01   5.948862e+04   7.024671e+03   6.432318e+04 
 1.921821e+01   9.149971e+03   5.171605e+03   4.281869e+04 
 1.937703e+01   6.067283e+04   5.010393e+04   5.283208e+03 
 1.921821e+01   2.525804e+03   2.132388e+02   1.339107e+03 
 1.905938e+01   1.134429e+04   4.299436e+04   5.175927e+02 
 1.858289e+01   5.184476e+04   6.031665e+04   1.852088e+04 
 1.890055e+01   6.660872e+04   3.194127e+04   3.202135e+04 
 9.847345e+00   2.656194e+03   6.699070e+04   5.270909e+03 
 1.858289e+01   5.442162e+04   5.800908e+04   6.188480e+04 
 1.842406e+01   6.377583e+04   1.413368e+03   5.687293e+03 
 1.858289e+01   1.460259e+04   1.717807e+03   3.988873e+04 
 1.715344e+01   8.427509e+02   2.391733e+04   2.288851e+04 
 1.842406e+01   7.040031e+02   1.119266e+04   5.117820e+03 
 1.445336e+01   6.091160e+02   6.752892e+04   4.609561e+03 
 1.794758e+01   4.927570e+04   4.998262e+04   4.014219e+04 
 1.810641e+01   5.303466e+04   3.672648e+04   1.988716e+04 
 1.747110e+01   2.860617e+02   9.338662e+02   1.985680e+03 
 1.762992e+01   1.839725e+03   2.795238e+03   5.156412e+03 
 1.794758e+01   4.752463e+04   5.300333e+03   1.564938e+03 
 1.794758e+01   1.715382e+04   3.097675e+04   4.743469e+04 
 1.762992e+01   1.316775e+04   3.296882e+03   4.254223e+04 
 1.731227e+01   2.016515e+04   4.273039e+04   2.480517e+04 
 1.731227e+01   5.434716e+04   5.453404e+04   5.417449e+04 
 1.731227e+01   4.531120e+04   2.456417e+03   1.235941e+03 
 1.747110e+01   4.664023e+04   3.647464e+04   3.176951e+03 
 1.731227e+01   5.702185e+04   6.231580e+04   2.649138e+02 
 1.699461e+01   2.060143e+04   6.533444e+04   3.411793e+04 
 1.667696e+01   3.282127e+04   5.268936e+04   4.008649e+04 
 1.715344e+01   4.488557e+04   3.418724e+03   1.216712e+03 
 1.620047e+01   1.065107e+04   5.236483e+04   1.123067e+04 
 1.683578e+01   8.212324e+03   4.770721e+04   3.406718e+04 
 1.667696e+01   5.391370e+04   1.155765e+03   2.355445e+04 
 1.651813e+01   1.077062e+04   4.965112e+04   3.219751e+04 
 1.651813e+01   2.755462e+04   6.278608e+04   3.637309e+04 
 1.556516e+01   6.538373e+04   2.269385e+03   4.738616e+03 
 1.620047e+01   1.017862e+04   2.550951e+03   4.623392e+04 
 1.635930e+01   2.920813e+04   5.983731e+04   1.810997e+04 
 1.365922e+01   3.767882e+04   2.878373e+03   6.068093e+03 
 1.604164e+01   5.313243e+04   1.922637e+04   5.304687e+04 
 1.620047e+01   3.267680e+04   5.816800e+04   3.531482e+04 
 1.572399e+01   5.261442e+04   5.758513e+04   6.526168e+04 
 1.556516e+01   3.393037e+03   6.639905e+04   3.949629e+03 
 1.540633e+01   6.692242e+04   2.416615e+03   4.807485e+03 
 1.572399e+01   4.091204e+04   2.266903e+04   9.091084e+03 
 1.572399e+01   5.903669e+02   2.329051e+04   2.277558e+04 
 1.572399e+01   8.020602e+03   6.175985e+04   6.602068e+04 
 1.540633e+01   1.308515e+04   4.428946e+04   6.680583e+04 
 1.524750e+01   2.069364e+04   4.898170e+04   6.447342e+03 
 1.302391e+01   3.737374e+04   2.780520e+03   6.123110e+03 
 1.508867e+01   6.766472e+04   6.473198e+04   6.725306e+03 
 1.508867e+01   4.543736e+04   6.464202e+04   2.577460e+04 
 1.477102e+01   5.704341e+04   5.720192e+04   6.163731e+04 
 1.492985e+01   5.867838e+04   6.451742e+04   6.651711e+04 
 1.508867e+01   6.568220e+04   4.211525e+04   2.322950e+02 
 1.492985e+01   6.755955e+04   3.834316e+04   1.531446e+04 
 1.445336e+01   2.984694e+04   5.383057e+03   3.116591e+04 
 1.492985e+01   5.661158e+04   6.291719e+04   1.711381e+03 
 1.492985e+01   6.764239e+04   2.488439e+04   3.691759e+04 
 1.397688e+01   6.031559e+02   5.402363e+02   5.243798e+03 
 1.477102e+01   7.041702e+03   5.265814e+04   3.111586e+04 
 1.477102e+01   1.976906e+04   5.590398e+04   2.669141e+04 
 1.445336e+01   3.426689e+04   5.231515e+04   3.943643e+04 
 1.477102e+01   3.905946e+04   6.550662e+04   6.689379e+04 
 1.445336e+01   3.358531e+04   3.172207e+04   1.962777e+04 
 1.429453e+01   1.410812e+03   9.391623e+02   5.287437e+03 
 1.397688e+01   5.491301e+04   5.574560e+04   2.614880e+04 
 1.350039e+01   3.225330e+03   3.467432e+04   1.060847e+04 
 1.397688e+01   2.126701e+03   1.602544e+04   6.338200e+04 
 1.429453e+01   2.832684e+04   6.209652e+04   2.990830e+04 
 1.429453e+01   3.649983e+04   4.885760e+04   2.225117e+04 
 1.429453e+01   4.928141e+04   6.039045e+04   6.384385e+04 
 1.365922e+01   8.950099e+02   2.452595e+04   2.316286e+04 
 1.413570e+01   1.774001e+04   5.227261e+04   6.406065e+03 
 1.413570e+01   1.938535e+04   6.706692e+04   3.711511e+04 
 1.413570e+01   2.214282e+04   5.665334e+03   2.094828e+04 
 1.413570e+01   4.414136e+04   3.886682e+04   4.881071e+04 
 1.413570e+01   5.861719e+04   4.072726e+04   2.674249e+04 
 1.381805e+01   2.734925e+03   2.374369e+04   3.372660e+04 
 1.381805e+01   2.382671e+04   2.136710e+04   4.961453e+04 
 1.397688e+01   3.974182e+04   1.584947e+03   7.466567e+03 
 1.334156e+01   4.780582e+04   5.320108e+03   1.579988e+03 
 1.381805e+01   5.555389e+04   5.755338e+04   6.089600e+04 
 1.175328e+01   1.656301e+03   2.545249e+02   3.886328e+03 
 1.381805e+01   1.547356e+04   1.697281e+03   4.071071e+04 
 1.286508e+01   4.349442e+04   3.952195e+04   2.784689e+04 
 1.350039e+01   4.506058e+04   2.465991e+04   8.601473e+03 
 1.350039e+01   5.333043e+04   5.483080e+04   1.040386e+04 
 1.350039e+01   6.757424e+04   6.482494e+04   6.241606e+03 
 9.529689e+00   2.100223e+03   6.750641e+04   5.173114e+03 
 1.350039e+01   4.853622e+03   1.760124e+04   1.458412e+04 
 1.365922e+01   3.091940e+04   3.732889e+04   2.454286e+04 
 1.365922e+01   5.732741e+04   5.469980e+04   6.743438e+04 
 1.350039e+01   6.621362e+04   6.720243e+04   6.556314e+04 
 1.350039e+01   1.899540e+04   3.477904e+04   2.243354e+04 
 1.350039e+01   5.851788e+04   5.109715e+04   5.470738e+04 
 1.334156e+01   2.511473e+04   1.301307e+04   2.674229e+04 
 1.318274e+01   4.455461e+04   2.546373e+04   1.108237e+04 
 1.302391e+01   5.115905e+04   1.460675e+04   6.518120e+04 
 1.286508e+01   5.449120e+04   5.626464e+04   8.458260e+03 
 1.318274e+01   6.867946e+03   2.266640e+04   2.846555e+04 
 1.318274e+01   4.728184e+04   1.397692e+04   3.302762e+04 
 1.302391e+01   1.209424e+03   1.661312e+03   2.934564e+03 
 1.302391e+01   2.798950e+04   6.247301e+04   3.013944e+04 
 1.302391e+01   3.611712e+04   6.395876e+04   2.344060e+04 
 1.302391e+01   4.751300e+04   6.670997e+04   4.713253e+04 
 1.254742e+01   6.353330e+03   3.295681e+04   4.949160e+04 
 1.080031e+01   5.398160e+04   5.569298e+04   5.815181e+04 
 1.286508e+01   5.612111e+04   5.745487e+04   6.051573e+04 
 1.270625e+01   5.233592e+03   4.881743e+03   6.641120e+03 
 1.238860e+01   2.109966e+04   2.355372e+04   4.300775e+04 
 1.270625e+01   2.428855e+04   2.569329e+04   4.473366e+04 
 1.254742e+01   2.337246e+02   6.011386e+03   1.200756e+04 
 1.191211e+01   3.496292e+04   6.531834e+04   1.825263e+04 
 1.222977e+01   4.518489e+04   2.473619e+04   1.024695e+04 
 1.222977e+01   4.894950e+04   5.961358e+04   1.899435e+04 
 1.238860e+01   6.833464e+03   5.410370e+04   3.114229e+04 
 1.222977e+01   1.881308e+04   5.536571e+04   2.475376e+04 
 1.222977e+01   3.972059e+04   2.035035e+03   8.111705e+03 
 1.238860e+01   4.634302e+04   6.420775e+04   8.212353e+03 
 1.159445e+01   5.258391e+04   5.516170e+04   1.769222e+03 
 1.238860e+01   5.668448e+04   6.285650e+04   6.065869e+04 
 1.238860e+01   6.733599e+04   3.855045e+04   1.708172e+04 
 1.127680e+01   3.296304e+04   4.553807e+04   5.787339e+04 
 1.095914e+01   3.479092e+04   6.523580e+04   1.834627e+04 
 1.222977e+01   3.808603e+04   1.954030e+04   5.505169e+04 
 1.191211e+01   4.245640e+03   1.263697e+04   4.766991e+03 
 1.175328e+01   5.152543e+03   3.698475e+04   3.590100e+04 
 1.207094e+01   1.535690e+04   2.867272e+04   4.134989e+04 
 1.207094e+01   4.786193e+04   1.122807e+04   5.762941e+04 
 1.048266e+01   6.379690e+01   5.666045e+03   3.884365e+03 
 1.191211e+01   1.298886e+02   3.719441e+04   1.457905e+04 
 1.159445e+01   3.720176e+03   3.219014e+04   3.135600e+04 
 1.143563e+01   4.023830e+03   3.569316e+04   3.274954e+04 
 1.127680e+01   9.803692e+03   2.722027e+03   4.633284e+04 
 1.191211e+01   6.373242e+03   1.711797e+03   6.695342e+04 
 1.191211e+01   1.695463e+04   2.834241e+04   4.367623e+04 
 1.175328e+01   2.881324e+04   5.243524e+04   1.768713e+04 
 1.175328e+01   2.828281e+04   1.265073e+04   2.375921e+04 
 1.191211e+01   3.300606e+04   3.683777e+04   2.378411e+04 
 1.191211e+01   6.700224e+04   3.234365e+04   3.323455e+04 
 1.191211e+01   6.727612e+04   5.215912e+04   6.765662e+04 
 8.417892e+00   5.600433e+02   1.554291e+03   7.261785e+03 
 1.127680e+01   1.473125e+04   2.313140e+04   3.864498e+04 
 1.175328e+01   2.374284e+04   6.567188e+04   3.211880e+04 
 1.095914e+01   2.649608e+04   4.107477e+04   9.446910e+03 
 1.175328e+01   3.992000e+04   1.651008e+04   2.767292e+04 
 1.159445e+01   3.728419e+02   3.058705e+04   2.987950e+04 
 1.143563e+01   3.125749e+03   6.521052e+04   5.412733e+04 
 1.159445e+01   1.119773e+04   4.436661e+04   4.248193e+03 
 1.159445e+01   2.233502e+04   3.064661e+04   4.663243e+04 
 1.159445e+01   4.793474e+04   4.362619e+03   1.567875e+03 
 1.159445e+01   5.766479e+04   2.013702e+04   4.890413e+04 
 1.127680e+01   1.183412e+03   2.403040e+04   2.290168e+04 
 1.143563e+01   2.082406e+03   2.471082e+04   2.278001e+04 
 1.095914e+01   9.959852e+03   2.391777e+04   3.598522e+04 
 1.064149e+01   1.001912e+04   2.405328e+04   3.628073e+04 
 1.095914e+01   1.923538e+04   4.248948e+04   2.469842e+04 
 1.143563e+01   5.703442e+04   5.648800e+04   6.759142e+04 
 1.064149e+01   5.995823e+04   6.362881e+04   8.213896e+03 
 1.095914e+01   4.924567e+02   3.126963e+04   3.230546e+04 
 1.111797e+01   1.775342e+03   5.238548e+04   2.247749e+04 
 1.064149e+01   4.489738e+03   1.604426e+04   2.857056e+04 
 1.127680e+01   1.203970e+04   4.938357e+04   1.317785e+04 
 1.127680e+01   2.192995e+04   5.369690e+04   1.997657e+04 
 1.127680e+01   5.817413e+04   6.323408e+04   6.458105e+04 
 1.095914e+01   6.304152e+04   2.598122e+04   2.870698e+04 
 1.095914e+01   4.037413e+03   1.321122e+04   6.324802e+04 
 1.095914e+01   2.450309e+04   6.139907e+04   3.417676e+04 
 1.095914e+01   3.320764e+04   5.621338e+04   1.901620e+04 
 1.080031e+01   4.388098e+04   2.423259e+04   6.325187e+03 
 1.080031e+01   4.408666e+04   2.542319e+04   6.360490e+03 
 1.095914e+01   4.797223e+04   4.699552e+04   1.188308e+02 
 1.111797e+01   4.935495e+04   5.544129e+04   6.755798e+04 
 1.048266e+01   4.918336e+04   5.140693e+04   4.022146e+04 
 1.111797e+01   5.855720e+04   1.582770e+04   2.219331e+03 
 1.048266e+01   6.718059e+04   7.008547e+02   6.734803e+03 
 1.064149e+01   4.587037e+01   6.566803e+04   8.668843e+03 
 1.048266e+01   4.180536e+02   1.164663e+04   3.944286e+03 
 9.847345e+00   6.383129e+00   5.901513e+03   3.879079e+03 
 1.032383e+01   7.205888e+03   2.687172e+03   6.730543e+04 
 1.095914e+01   1.475093e+04   2.532500e+02   7.309450e+03 
 1.064149e+01   1.519862e+04   5.582347e+04   6.014203e+02 
 1.048266e+01   3.186253e+04   2.870798e+04   1.537114e+04 
 1.080031e+01   3.089328e+04   4.960481e+04   2.494304e+04 
 1.048266e+01   3.704682e+04   1.406373e+04   4.616351e+04 
 1.095914e+01   5.690945e+04   2.109193e+04   2.195927e+04 
 1.095914e+01   5.820021e+04   2.174218e+04   4.902446e+04 
 1.080031e+01   6.007292e+04   5.085688e+04   4.394957e+04 
 1.080031e+01   7.031628e+03   3.851829e+03   3.780518e+03 
 1.080031e+01   7.412072e+03   3.871860e+03   4.624270e+03 
 1.080031e+01   1.668230e+04   5.814595e+04   9.351490e+03 
 1.064149e+01   4.875705e+04   2.604502e+03   3.171968e+03 
 1.048266e+01   2.521876e+02   1.146236e+03   6.050923e+03 
 9.370860e+00   5.821587e+02   1.105038e+04   4.535389e+03 
 1.048266e+01   5.542004e+03   1.793031e+03   8.359393e+02 
 1.064149e+01   2.400752e+04   3.727908e+04   4.415586e+04 
 1.032383e+01   4.421507e+04   2.500313e+04   6.914778e+03 
 1.032383e+01   6.758159e+04   3.943354e+04   1.494449e+04 
 8.576720e+00   4.734199e+03   1.915014e+03   1.092079e+03 
 1.016500e+01   8.992536e+03   2.600898e+04   5.324370e+03 
 1.048266e+01   1.499504e+04   1.500033e+04   4.512350e+04 
 9.212032e+00   1.691745e+04   4.159299e+04   3.439373e+04 
 1.032383e+01   2.590018e+04   9.366923e+03   1.979895e+04 
 1.048266e+01   2.953592e+04   6.482709e+04   3.371265e+03 
 1.032383e+01   3.201344e+04   6.542030e+04   6.270913e+03 
 1.032383e+01   3.875804e+04   2.940797e+03   6.670259e+03 
 9.688517e+00   4.123140e+04   1.976768e+04   1.816491e+04 
 1.032383e+01   4.580954e+04   5.181105e+03   2.563219e+04 
 1.016500e+01   4.783450e+04   2.920794e+04   1.656621e+04 
 1.032383e+01   5.083839e+04   1.606752e+04   6.462028e+04 
 1.048266e+01   5.833996e+04   3.074305e+04   4.378571e+04 
 9.529689e+00   5.912833e+04   2.328064e+04   6.724477e+04 
 1.032383e+01   5.796772e+02   3.198517e+04   4.497092e+04 
 9.847345e+00   3.850812e+03   3.239288e+04   4.069679e+04 
 1.016500e+01   3.042132e+03   3.232555e+02   2.028340e+03 
 1.000617e+01   4.787368e+03   6.065845e+04   6.139998e+04 
 1.032383e+01   5.460904e+03   5.048989e+04   7.969076e+03 
 1.016500e+01   3.747462e+03   6.634015e+04   3.969637e+03 
 1.032383e+01   6.900113e+03   2.236069e+04   3.348163e+04 
 1.032383e+01   1.059764e+04   3.171223e+04   1.423872e+04 
 1.000617e+01   1.040930e+04   5.249187e+04   1.098525e+04 
 1.032383e+01   2.621093e+04   8.578864e+03   1.918214e+04 
 1.000617e+01   2.836472e+04   4.327585e+03   2.317025e+04 
 8.259064e+00   3.280088e+04   5.363530e+04   3.912436e+04 
 1.032383e+01   3.610432e+04   1.496623e+04   5.026365e+04 
 1.016500e+01   5.039271e+04   4.926732e+04   4.080769e+04 
 1.032383e+01   5.532401e+04   2.917977e+04   4.595729e+04 
 1.016500e+01   6.670770e+04   3.164140e+04   3.198132e+04 
 9.370860e+00   1.255139e+03   1.544132e+03   8.291112e+03 
 1.016500e+01   9.588886e+03   3.895177e+04   8.947585e+03 
 1.016500e+01   1.595538e+04   4.179436e+04   3.148423e+04 
 1.016500e+01   2.909668e+04   4.721675e+04   4.352352e+04 
 1.016500e+01   2.808551e+04   5.200287e+04   2.762024e+04 
 1.000617e+01   3.639334e+04   6.543409e+04   1.896284e+04 
 8.100235e+00   3.896200e+04   2.874689e+03   4.798444e+03 
 1.000617e+01   4.091078e+04   2.103942e+04   1.726073e+04 
 1.016500e+01   5.224516e+04   5.908139e+04   1.929305e+04 
 1.000617e+01   5.456485e+04   5.389273e+04   4.977337e+01 
 8.735548e+00   5.646247e+04   5.735279e+04   6.118616e+04 
 1.000617e+01   5.969366e+04   1.959524e+04   2.328560e+04 
 8.894376e+00   1.687336e+03   1.189095e+04   5.004900e+03 
 9.688517e+00   3.222035e+03   1.808000e+02   3.695156e+03 
 1.000617e+01   2.264755e+04   5.972466e+04   2.222133e+04 
 1.000617e+01   2.282472e+04   6.717062e+04   6.010066e+04 
 1.000617e+01   2.369501e+04   1.924691e+03   2.166242e+04 
 1.000617e+01   2.457699e+04   2.561023e+04   4.465680e+04 
 1.000617e+01   3.612075e+04   5.800906e+04   5.049615e+04 
 9.053205e+00   4.207936e+04   3.974549e+04   2.672891e+04 
 9.688517e+00   4.584144e+04   6.366827e+04   8.055893e+03 
 1.000617e+01   4.479236e+04   3.125654e+04   2.873761e+04 
 9.212032e+00   5.689104e+04   6.251720e+04   6.424942e+04 
 9.847345e+00   6.769031e+04   1.581512e+04   6.414837e+04 
 9.847345e+00   3.962094e+03   3.908590e+04   6.477582e+04 
 9.688517e+00   4.407821e+03   3.546523e+04   3.345299e+04 
 9.688517e+00   1.531970e+04   4.058775e+03   3.494175e+04 
 9.847345e+00   2.452853e+04   2.928481e+04   4.432196e+04 
 9.847345e+00   2.934806e+04   8.562485e+03   2.439202e+04 
 9.847345e+00   3.484052e+04   6.460282e+04   1.842930e+04 
 9.688517e+00   4.387777e+04   2.358909e+04   6.166506e+03 
 9.688517e+00   4.930902e+04   5.610131e+04   9.108123e+01 
 9.847345e+00   5.351341e+04   6.121377e+04   2.008596e+04 
 9.529689e+00   5.643635e+04   5.760375e+04   6.072039e+04 
 9.370860e+00   6.557397e+04   2.066661e+03   4.441437e+03 
 9.688517e+00   6.415555e+04   5.340648e+04   4.553984e+04 
 9.688517e+00   3.650786e+03   6.707423e+04   5.350381e+03 
 8.735548e+00   6.103036e+03   1.113666e+04   5.276171e+03 
 9.370860e+00   7.565503e+03   3.432353e+04   1.257804e+04 
 9.212032e+00   1.177230e+04   1.523133e+04   2.425938e+03 
 8.735548e+00   1.231087e+04   7.425433e+03   9.527348e+02 
 9.688517e+00   3.054897e+04   5.742397e+04   1.728493e+04 
 9.688517e+00   3.220513e+04   7.959206e+03   4.447288e+04 
 9.688517e+00   4.139997e+04   2.516505e+03   4.211473e+04 
 9.688517e+00   4.723484e+04   6.538218e+04   7.564905e+03 
 9.688517e+00   5.107766e+04   1.550560e+04   6.432618e+04 
 9.688517e+00   5.679523e+04   1.505600e+04   2.412338e+04 
 6.353126e+00   6.307526e+04   3.457390e+03   3.585255e+03 
 9.529689e+00   1.949773e+03   2.668189e+04   4.573652e+03 
 9.053205e+00   4.055077e+03   3.138806e+04   3.134768e+04 
 9.529689e+00   9.643862e+03   4.425584e+04   2.544559e+03 
 9.529689e+00   1.528298e+04   1.932709e+04   2.172665e+04 
 9.370860e+00   2.244424e+04   3.247619e+04   4.706095e+04 
 9.529689e+00   2.454734e+04   4.848700e+04   2.771306e+04 
 9.053205e+00   4.537680e+04   2.930028e+04   4.533111e+04 
 9.370860e+00   5.535485e+04   5.875466e+04   6.495790e+04 
 9.529689e+00   5.703101e+04   6.222838e+04   6.517671e+04 
 9.529689e+00   6.394258e+04   3.537281e+04   3.099858e+04 
 8.259064e+00   1.110777e+03   1.499238e+03   7.932411e+03 
 9.370860e+00   2.403742e+03   7.955761e+02   1.459359e+03 
 9.212032e+00   2.918472e+03   3.234204e+04   3.758158e+04 
 9.370860e+00   1.504433e+04   4.853458e+04   3.046664e+04 
 9.370860e+00   5.304427e+04   3.813074e+04   1.164542e+04 
 9.370860e+00   6.178531e+04   6.051210e+03   1.897692e+04 
 8.735548e+00   2.598266e+02   4.093999e+03   4.973678e+03 
 9.212032e+00   2.563651e+02   6.404886e+04   7.798219e+03 
 8.735548e+00   2.980271e+03   6.680033e+04   5.030274e+03 
 8.894376e+00   5.042939e+03   5.250953e+04   8.743519e+03 
 9.212032e+00   8.300813e+03   4.976402e+04   3.274047e+04 
 9.212032e+00   8.829545e+03   2.858787e+03   6.727183e+04 
 9.053205e+00   1.888789e+04   5.546370e+04   2.539318e+04 
 9.053205e+00   2.986923e+04   5.427957e+04   5.646091e+04 
 9.212032e+00   3.064334e+04   5.375625e+04   5.747297e+04 
 9.212032e+00   3.336743e+04   5.783018e+04   9.269576e+03 
 9.053205e+00   3.714994e+04   6.648391e+04   5.863723e+03 
 8.894376e+00   5.025893e+04   5.505874e+04   4.576606e+01 
 9.053205e+00   5.095604e+04   5.882239e+04   6.462939e+04 
 8.735548e+00   5.437393e+04   5.793340e+04   6.111318e+04 
 9.053205e+00   6.754038e+04   4.880514e+04   6.467726e+04 
 9.053205e+00   3.404789e+03   3.166542e+04   3.167511e+04 
 9.053205e+00   3.495391e+03   6.144078e+04   6.230632e+04 
 9.053205e+00   4.356646e+03   6.514063e+04   6.636129e+04 
 9.053205e+00   5.796609e+03   5.738946e+04   6.596722e+04 
 8.735548e+00   6.387477e+03   6.534444e+04   2.746098e+03 
 8.894376e+00   1.111597e+04   3.200889e+04   1.395983e+04 
 8.894376e+00   1.269809e+04   6.190701e+03   1.498816e+03 
 8.894376e+00   1.792832e+04   2.830642e+04   4.941453e+04 
 9.053205e+00   1.984628e+04   3.124711e+04   4.051425e+04 
 8.576720e+00   2.056240e+04   5.104317e+04   6.596247e+02 
 8.894376e+00   2.400300e+04   6.082690e+04   3.442952e+04 
 8.894376e+00   2.906471e+04   4.599021e+04   4.407631e+04 
 7.464923e+00   3.322989e+04   4.540754e+04   5.775655e+04 
 8.735548e+00   3.986235e+04   2.142616e+03   7.082379e+03 
 8.735548e+00   4.161099e+04   3.423970e+03   5.137404e+03 
 8.735548e+00   4.322439e+04   6.460421e+03   2.991328e+03 
 9.053205e+00   4.432436e+04   2.841120e+04   5.305000e+04 
 9.053205e+00   4.726288e+04   6.443008e+04   4.273613e+04 
 9.053205e+00   6.708821e+04   1.772464e+04   6.598379e+04 
 8.894376e+00   3.100360e+03   2.700072e+04   2.420727e+04 
 8.894376e+00   5.936874e+03   6.104767e+04   2.399713e+04 
 8.735548e+00   7.517793e+03   1.280110e+04   2.526199e+04 
 8.894376e+00   2.680730e+04   3.585760e+03   2.099908e+04 
 8.894376e+00   4.106657e+04   3.797897e+03   1.038589e+03 
 8.894376e+00   4.576433e+04   3.653784e+04   5.404860e+04 
 8.894376e+00   4.756829e+04   5.182479e+04   6.384535e+04 
 8.894376e+00   4.826600e+04   3.447949e+03   1.583997e+03 
 8.894376e+00   5.742120e+04   5.529798e+03   1.588872e+04 
 8.735548e+00   1.347603e+03   2.197263e+04   3.190348e+04 
 8.735548e+00   1.020806e+04   1.976841e+04   2.115449e+04 
 8.417892e+00   2.012922e+04   6.186241e+04   2.177907e+04 
 8.576720e+00   2.053300e+04   5.913074e+04   2.414389e+04 
 8.576720e+00   2.066247e+04   5.000487e+02   6.094517e+04 
 8.735548e+00   5.603359e+04   5.245404e+04   4.391089e+04 
 8.576720e+00   5.904540e+04   6.448679e+04   6.753355e+04 
 8.735548e+00   6.012646e+04   6.710601e+04   3.709473e+01 
 8.735548e+00   6.096008e+04   6.334694e+03   3.299749e+04 
 8.735548e+00   6.580370e+04   6.573363e+04   5.536604e+04 
 8.735548e+00   6.718799e+04   3.487761e+03   5.708126e+03 
 8.100235e+00   5.954432e+02   1.097032e+04   4.607739e+03 
 8.576720e+00   1.783154e+03   3.352602e+03   5.106805e+03 
 8.100235e+00   6.409812e+03   3.298249e+04   5.098563e+04 
 8.576720e+00   6.523216e+03   6.243593e+04   9.368339e+03 
 8.576720e+00   1.632555e+04   9.787690e+03   4.168199e+04 
 7.941407e+00   2.119701e+04   2.713585e+03   2.451622e+04 
 8.100235e+00   2.174788e+04   2.069287e+04   3.088744e+04 
 8.417892e+00   3.337493e+04   5.795591e+04   2.476050e+04 
 8.417892e+00   3.585146e+04   3.203882e+04   2.881586e+04 
 8.576720e+00   3.771720e+04   1.949285e+04   5.556457e+04 
 8.259064e+00   5.060302e+04   4.921597e+04   4.067830e+04 
 7.623751e+00   6.149728e+04   5.351511e+04   6.357248e+04 
 8.576720e+00   6.172271e+04   6.364884e+04   9.654393e+03 
 8.576720e+00   6.386166e+04   2.026922e+03   3.046308e+03 
 8.576720e+00   6.374041e+04   6.176086e+04   6.514286e+04 
 8.259064e+00   6.745088e+04   4.239178e+02   7.630412e+01 
 7.306095e+00   1.159230e+03   1.792494e+02   4.438307e+03 
 8.259064e+00   1.310846e+03   6.417651e+04   7.974936e+03 
 8.259064e+00   7.467607e+03   3.822962e+04   1.269971e+04 
 8.259064e+00   7.337915e+03   2.697166e+04   3.502938e+04 
 8.259064e+00   1.762441e+04   3.074219e+04   4.841324e+04 
 8.417892e+00   1.909198e+04   4.800813e+04   2.463275e+04 
 8.417892e+00   1.836032e+04   5.472468e+04   7.557887e+03 
 8.259064e+00   4.449013e+04   3.883798e+04   4.934067e+04 
 7.147266e+00   5.394085e+04   5.605912e+04   5.861275e+04 
 8.417892e+00   6.072739e+04   4.042802e+04   2.699757e+04 
 8.417892e+00   6.534921e+04   6.229701e+04   6.163400e+04 
 8.259064e+00   2.490707e+03   5.674635e+04   6.693798e+03 
 7.464923e+00   5.008933e+03   1.802538e+04   1.480218e+04 
 7.941407e+00   5.887706e+03   2.562947e+03   5.793535e+02 
 7.782579e+00   7.791113e+03   6.165653e+04   6.540621e+04 
 8.259064e+00   1.043756e+04   4.386837e+04   2.384725e+03 
 8.100235e+00   9.760073e+03   5.579598e+04   7.624780e+03 
 8.259064e+00   1.141312e+04   4.876016e+04   2.668419e+04 
 8.259064e+00   1.337992e+04   1.912501e+04   5.164144e+04 
 8.100235e+00   1.893371e+04   4.306786e+04   2.472835e+04 
 7.941407e+00   1.910348e+04   2.829660e+04   4.882839e+04 
 8.259064e+00   2.481711e+04   2.414771e+04   3.600998e+04 
 7.464923e+00   2.943865e+04   6.496741e+04   3.362624e+03 
 8.259064e+00   4.408738e+04   3.541375e+04   5.992816e+04 
 8.259064e+00   4.805539e+04   2.549326e+03   4.258261e+03 
 8.100235e+00   4.952864e+04   6.492443e+04   7.118960e+02 
 8.100235e+00   5.245015e+04   5.341892e+04   1.221872e+04 
 8.259064e+00   5.310972e+04   6.721767e+04   2.253348e+04 
 8.259064e+00   5.448630e+04   5.708962e+04   8.209727e+03 
 8.259064e+00   6.705612e+04   5.777248e+04   6.550862e+04 
 8.100235e+00   6.685000e+04   5.314867e+04   4.775259e+04 
 8.100235e+00   3.473673e+03   4.257405e+04   3.081201e+04 
 8.100235e+00   5.599957e+03   2.136264e+04   2.505651e+04 
 8.100235e+00   5.139361e+03   2.487411e+03   5.239415e+03 
 8.100235e+00   6.122202e+03   6.510818e+04   3.317734e+03 
 7.941407e+00   1.053782e+04   2.438851e+04   3.819812e+04 
 8.100235e+00   1.746727e+04   2.837533e+04   4.476809e+04 
 6.988439e+00   1.936309e+04   2.796938e+04   4.869915e+04 
 7.941407e+00   2.348599e+04   2.502300e+04   4.459281e+04 
 7.941407e+00   3.261072e+04   3.194898e+04   1.827548e+04 
 8.100235e+00   3.335079e+04   5.643873e+04   1.116248e+04 
 7.782579e+00   3.426583e+04   3.968573e+04   2.148965e+04 
 8.100235e+00   4.551443e+04   4.020307e+04   2.804901e+04 
 8.100235e+00   4.848630e+04   4.767647e+04   6.572689e+04 
 6.988439e+00   5.046029e+04   5.974014e+04   6.401713e+04 
 7.306095e+00   5.114669e+04   1.439907e+04   6.532814e+04 
 8.100235e+00   5.338308e+04   6.134159e+04   1.251567e+04 
 8.100235e+00   5.454410e+04   5.464464e+04   1.219880e+04 
 7.941407e+00   5.687907e+04   6.678592e+04   6.452749e+04 
 8.100235e+00   6.377441e+04   4.025543e+04   4.547457e+04 
 7.623751e+00   6.506531e+04   4.037054e+03   3.845476e+03 
 7.782579e+00   4.282772e+03   1.956251e+04   3.462877e+04 
 7.941407e+00   5.770430e+03   2.166905e+04   2.536029e+04 
 7.941407e+00   2.387259e+04   1.197236e+04   6.740564e+04 
 7.464923e+00   2.555453e+04   4.154368e+04   8.567325e+03 
 7.941407e+00   2.616586e+04   4.804661e+04   2.527746e+04 
 7.782579e+00   2.710149e+04   4.087092e+04   2.258563e+04 
 7.941407e+00   3.840713e+04   2.188341e+04   1.064378e+04 
 7.941407e+00   4.189471e+04   2.098235e+04   1.628638e+04 
 7.782579e+00   4.965206e+04   5.000652e+04   4.049969e+04 
 7.941407e+00   5.126100e+04   1.970213e+04   1.873921e+03 
 6.670782e+00   5.157628e+04   6.059612e+04   1.831753e+04 
 7.782579e+00   8.660754e+02   2.330073e+04   2.961957e+03 
 7.306095e+00   1.237123e+03   1.032879e+03   5.161613e+03 
 7.782579e+00   3.897932e+03   2.709997e+04   2.498427e+04 
 5.400157e+00   2.995218e+03   1.867068e+02   3.818089e+03 
 7.306095e+00   3.911625e+03   6.602117e+04   3.930119e+03 
 7.782579e+00   5.676125e+03   5.215965e+04   8.129307e+03 
 7.623751e+00   6.737138e+03   2.351129e+04   3.378991e+04 
 6.988439e+00   1.489530e+04   1.678438e+03   4.000439e+04 
 7.623751e+00   1.467528e+04   4.958562e+04   5.819572e+04 
 7.464923e+00   2.209336e+04   6.738107e+04   6.021419e+04 
 7.782579e+00   2.620384e+04   6.756658e+04   1.482153e+04 
 7.623751e+00   2.685546e+04   1.483358e+04   2.488967e+04 
 7.782579e+00   2.788298e+04   2.264417e+03   5.152193e+03 
 7.782579e+00   2.970027e+04   5.947738e+04   2.625627e+04 
 7.623751e+00   3.358748e+04   5.734848e+04   1.904014e+04 
 7.782579e+00   3.353528e+04   3.759044e+03   2.533437e+04 
 7.782579e+00   4.274998e+04   2.437833e+04   6.308992e+03 
 7.623751e+00   5.269268e+04   2.074259e+04   5.448406e+04 
 7.782579e+00   5.661980e+04   4.942316e+04   1.292114e+04 
 7.782579e+00   5.964264e+04   6.664447e+04   5.737637e+04 
 7.782579e+00   6.372015e+04   1.170514e+04   5.506754e+04 
 7.782579e+00   6.526292e+04   6.334452e+04   2.976303e+04 
 7.306095e+00   6.582439e+04   6.685334e+04   6.556262e+04 
 7.464923e+00   3.340170e+02   1.139369e+03   5.612752e+03 
 7.306095e+00   2.182162e+03   5.931559e+04   6.684944e+02 
 7.623751e+00   2.447156e+03   4.888710e+04   6.363685e+04 
 7.464923e+00   4.734419e+03   2.773775e+04   4.413859e+04 
 7.623751e+00   3.854027e+03   1.472873e+04   4.964019e+03 
 7.623751e+00   8.996914e+03   2.059390e+04   4.046205e+04 
 7.623751e+00   1.869591e+04   3.058932e+04   4.276587e+04 
 7.623751e+00   2.185181e+04   6.657493e+04   3.325103e+04 
 5.876641e+00   2.669403e+04   4.090449e+04   9.604938e+03 
 7.464923e+00   2.666210e+04   6.518433e+04   3.051687e+04 
 7.306095e+00   3.220701e+04   3.647892e+04   5.565873e+04 
 7.623751e+00   3.282168e+04   5.690970e+04   3.048029e+04 
 7.464923e+00   3.467838e+04   4.701535e+04   5.084822e+04 
 7.623751e+00   3.832073e+04   1.067956e+04   2.560968e+04 
 6.511954e+00   4.488996e+04   2.501937e+04   1.040918e+04 
 7.623751e+00   4.726448e+04   5.958117e+04   3.825238e+03 
 7.623751e+00   5.103539e+04   5.927710e+04   6.179748e+04 
 7.623751e+00   5.543330e+04   5.478202e+04   5.390774e+03 
 7.623751e+00   6.359091e+04   2.146422e+03   1.098243e+03 
 7.623751e+00   6.637512e+04   5.420505e+04   3.658631e+04 
 7.306095e+00   6.767373e+04   5.369189e+04   3.546588e+04 
 7.464923e+00   1.092917e+03   1.613978e+04   6.362322e+04 
 7.464923e+00   4.361966e+03   4.627588e+04   9.375893e+01 
 7.147266e+00   4.578714e+03   6.639916e+04   2.302795e+03 
 7.464923e+00   1.007672e+04   2.581366e+03   4.481765e+04 
 6.829610e+00   1.279592e+04   1.363648e+04   3.882792e+04 
 7.147266e+00   2.404569e+04   6.725438e+04   6.565569e+04 
 6.988439e+00   3.134002e+04   4.945274e+04   2.475112e+04 
 7.147266e+00   3.371764e+04   5.502939e+04   3.516184e+04 
 7.464923e+00   3.739459e+04   6.689479e+04   6.592320e+04 
 7.464923e+00   4.021808e+04   6.715195e+04   5.499600e+04 
 7.464923e+00   4.160704e+04   1.140629e+04   6.142917e+04 
 6.988439e+00   4.103593e+04   1.556952e+03   3.975321e+04 
 5.082500e+00   5.269808e+04   5.740079e+04   6.551809e+04 
 6.829610e+00   5.267057e+04   5.860475e+04   6.265330e+04 
 7.464923e+00   5.281346e+04   5.337623e+04   1.487909e+04 
 7.464923e+00   5.632998e+04   6.801006e+03   1.667870e+04 
 7.464923e+00   5.693874e+04   5.998654e+03   1.760319e+04 
 7.464923e+00   5.966975e+04   1.528371e+04   6.564097e+04 
 7.464923e+00   6.174497e+04   1.722568e+04   6.723678e+04 
 7.306095e+00   3.085849e+03   2.567939e+04   3.645539e+04 
 7.306095e+00   3.108232e+03   8.008403e+02   1.469297e+03 
 7.147266e+00   1.102335e+04   2.692417e+03   4.544097e+04 
 7.306095e+00   2.166827e+04   4.995940e+04   2.201014e+04 
 7.306095e+00   2.421517e+04   4.539542e+04   2.809472e+04 
 6.988439e+00   2.827183e+04   6.426060e+04   1.002899e+03 
 7.306095e+00   2.889175e+04   4.623393e+04   4.403745e+04 
 7.306095e+00   2.988590e+04   5.753554e+04   1.729750e+04 
 7.306095e+00   3.102138e+04   2.000875e+04   5.626909e+04 
 7.306095e+00   3.090829e+04   3.942512e+04   2.655387e+04 
 7.306095e+00   3.131448e+04   4.917638e+04   4.165195e+04 
 7.306095e+00   3.217239e+04   4.595585e+04   5.778539e+04 
 6.988439e+00   3.746800e+04   1.953976e+04   5.507139e+04 
 6.988439e+00   4.043274e+04   2.208721e+03   6.828148e+03 
 7.306095e+00   4.246955e+04   5.272877e+03   6.730850e+04 
 7.306095e+00   5.047413e+04   1.483998e+04   5.761559e+04 
 5.082500e+00   5.403451e+04   5.624676e+04   5.889957e+04 
 7.147266e+00   5.760536e+04   3.199123e+04   2.831966e+03 
 7.147266e+00   6.431066e+04   1.922651e+03   5.136391e+03 
 7.147266e+00   2.527944e+03   5.806045e+04   7.147671e+03 
 6.829610e+00   6.115361e+03   1.099489e+04   5.333053e+03 
 6.988439e+00   1.353290e+04   2.783611e+03   5.157495e+04 
 6.988439e+00   1.505578e+04   5.886838e+04   1.422780e+04 
 7.147266e+00   1.689179e+04   3.787236e+04   5.997363e+04 
 7.147266e+00   1.837623e+04   1.953334e+04   4.025739e+04 
 7.147266e+00   1.976117e+04   6.960040e+03   4.482636e+03 
 6.988439e+00   2.457174e+04   4.152325e+04   4.070636e+04 
 4.129532e+00   2.630198e+04   4.124479e+04   9.342164e+03 
 6.988439e+00   2.832217e+04   4.128245e+04   2.187946e+04 
 6.988439e+00   2.908695e+04   6.088312e+04   3.021519e+04 
 7.147266e+00   3.144037e+04   5.463906e+04   6.398872e+03 
 6.988439e+00   3.398230e+04   3.276774e+04   1.775447e+04 
 7.147266e+00   3.551418e+04   2.393934e+04   1.177252e+04 
 7.147266e+00   3.816795e+04   3.406296e+03   5.833025e+03 
 7.147266e+00   3.897420e+04   4.712363e+03   6.338436e+03 
 7.147266e+00   3.800930e+04   5.190895e+04   4.243180e+04 
 6.988439e+00   4.183520e+04   6.693777e+03   6.882214e+02 
 7.147266e+00   4.258743e+04   1.763033e+04   1.101828e+04 
 6.988439e+00   4.874763e+04   5.371529e+04   5.349727e+04 
 6.988439e+00   4.838135e+04   2.634019e+03   4.031858e+03 
 7.147266e+00   4.838634e+04   6.347759e+04   6.664448e+04 
 6.988439e+00   4.810385e+04   6.705495e+04   1.474224e+04 
 6.829610e+00   5.011705e+04   6.185821e+04   3.580880e+04 
 7.147266e+00   5.482748e+04   5.548780e+03   1.641283e+04 
 7.147266e+00   5.828489e+04   1.533904e+04   2.914546e+03 
 6.988439e+00   6.399618e+04   2.733934e+03   3.634579e+03 
 7.147266e+00   6.617030e+04   6.133047e+04   1.640513e+04 
 5.558985e+00   6.309509e+02   1.660052e+03   7.737167e+03 
 6.988439e+00   2.528167e+03   3.653740e+03   2.929283e+03 
 6.829610e+00   6.458380e+03   3.298346e+04   5.059479e+04 
 6.194298e+00   6.178023e+03   2.018862e+03   6.732345e+04 
 6.988439e+00   8.642583e+03   2.700317e+04   6.654005e+04 
 6.988439e+00   1.538884e+04   4.792532e+04   1.562927e+04 
 6.988439e+00   1.953413e+04   4.204189e+04   2.420699e+04 
 6.988439e+00   2.053413e+04   6.074796e+04   3.363575e+04 
 6.988439e+00   2.055000e+04   1.448889e+02   6.083252e+04 
 6.670782e+00   2.969704e+04   4.760116e+04   2.460494e+04 
 6.988439e+00   3.315979e+04   2.198888e+04   5.350127e+04 
 6.988439e+00   3.692891e+04   4.001484e+04   5.686440e+04 
 6.670782e+00   3.922234e+04   6.477333e+04   5.024816e+02 
 6.829610e+00   4.020462e+04   3.996494e+02   6.723353e+03 
 6.353126e+00   4.137532e+04   1.955954e+04   1.820482e+04 
 6.988439e+00   4.481170e+04   6.196489e+04   6.758020e+04 
 6.829610e+00   4.444731e+04   4.216677e+04   5.844343e+04 
 6.988439e+00   4.808729e+04   1.473078e+04   4.775045e+03 
 6.035470e+00   4.899657e+04   5.342904e+04   5.418106e+04 
 6.829610e+00   4.974599e+04   3.060592e+03   6.062396e+03 
 6.988439e+00   5.447872e+04   5.736171e+04   6.189859e+04 
 6.988439e+00   5.763029e+04   3.190152e+04   3.596393e+03 
 6.988439e+00   6.602912e+04   5.482812e+04   3.653265e+04 
 6.988439e+00   5.801159e+02   1.409223e+04   3.031730e+04 
 6.670782e+00   3.385896e+03   1.557846e+04   1.272352e+04 
 6.511954e+00   4.039449e+03   5.240765e+04   1.592193e+02 
 6.829610e+00   1.109349e+04   2.287157e+03   4.564752e+04 
 6.829610e+00   1.469724e+04   5.151630e+04   6.730727e+04 
 6.670782e+00   1.626001e+04   8.860108e+03   4.359205e+04 
 6.194298e+00   1.893993e+04   4.143011e+04   2.436177e+04 
 3.811876e+00   2.053951e+04   4.269932e+04   2.491075e+04 
 6.511954e+00   1.964108e+04   2.324074e+04   4.127411e+04 
 6.829610e+00   2.755493e+04   1.245010e+04   6.246001e+04 
 6.829610e+00   3.201404e+04   3.250043e+04   1.751263e+04 
 6.829610e+00   3.234341e+04   1.931538e+04   5.575162e+04 
 6.829610e+00   3.206996e+04   7.390350e+03   2.264773e+04 
 6.829610e+00   3.537319e+04   5.063088e+04   6.176294e+04 
 6.670782e+00   4.040030e+04   6.560398e+04   5.259631e+02 
 6.829610e+00   4.100703e+04   2.393746e+04   8.440254e+02 
 6.670782e+00   4.194718e+04   4.936610e+04   5.916932e+04 
 6.829610e+00   4.357127e+04   1.000501e+04   1.432500e+04 
 6.670782e+00   4.376609e+04   2.359821e+04   5.414935e+03 
 6.829610e+00   4.314937e+04   4.208943e+04   2.426685e+04 
 6.511954e+00   4.481949e+04   2.525252e+04   1.079765e+04 
 6.829610e+00   4.553236e+04   6.689522e+04   2.527913e+04 
 3.176563e+00   5.167357e+04   6.046046e+04   1.842649e+04 
 6.829610e+00   5.500995e+04   6.120550e+03   1.838497e+04 
 6.670782e+00   5.668138e+04   3.678020e+04   6.526502e+04 
 6.829610e+00   5.738410e+04   4.112499e+04   2.426250e+04 
 6.829610e+00   5.876634e+04   6.498478e+04   5.988975e+04 
 6.511954e+00   6.162441e+04   1.753877e+04   6.713909e+04 
 6.511954e+00   1.114374e+03   2.683727e+04   2.447804e+04 
 6.670782e+00   6.672446e+04   5.238851e+04   4.838498e+04 
 6.511954e+00   2.064909e+03   4.961893e+04   6.357723e+04 
 6.511954e+00   2.105967e+03   2.628451e+02   6.205308e+03 
 6.670782e+00   6.495206e+03   2.251014e+04   3.392730e+04 
 6.670782e+00   8.027428e+03   1.275010e+04   6.834073e+03 
 6.194298e+00   9.601597e+03   5.231752e+04   1.147363e+04 
 6.194298e+00   1.042691e+04   1.536632e+04   3.905020e+04 
 6.670782e+00   1.067601e+04   2.725989e+03   4.567584e+04 
 5.717813e+00   9.761422e+03   5.252496e+04   1.084377e+04 
 6.670782e+00   1.193400e+04   3.660143e+03   4.508077e+04 
 6.035470e+00   1.263469e+04   4.179746e+04   3.316559e+02 
 6.670782e+00   1.159256e+04   2.130002e+04   3.371740e+04 
 6.670782e+00   1.578377e+04   3.655572e+04   5.822388e+04 
 6.670782e+00   2.025335e+04   5.498083e+04   2.594042e+04 
 6.670782e+00   2.207281e+04   3.200376e+04   4.683068e+04 
 6.670782e+00   3.584191e+04   5.522241e+04   3.980969e+04 
 6.670782e+00   3.947387e+04   6.665752e+04   1.203631e+04 
 6.670782e+00   4.122095e+04   6.497457e+04   5.288212e+02 
 6.670782e+00   4.645868e+04   5.977448e+04   6.572997e+04 
 6.670782e+00   5.093088e+04   1.172988e+04   7.434551e+03 
 6.511954e+00   5.073134e+04   6.451454e+04   3.572424e+04 
 6.670782e+00   5.874990e+04   2.081258e+04   4.922889e+04 
 6.670782e+00   6.035225e+04   2.157092e+04   2.131434e+04 
 5.717813e+00   6.146906e+04   5.390849e+04   6.411757e+04 
 6.670782e+00   6.169589e+04   1.783443e+04   6.634791e+04 
 6.670782e+00   6.361965e+04   4.915519e+04   3.038784e+04 
 6.511954e+00   2.032782e+03   4.276952e+04   2.416773e+04 
 6.194298e+00   2.632292e+03   2.781604e+04   3.373126e+04 
 6.353126e+00   3.388094e+03   5.196282e+04   6.719842e+04 
 6.511954e+00   3.901534e+03   5.875784e+04   7.150697e+03 
 6.511954e+00   5.995181e+03   6.198956e+04   2.382765e+04 
 6.353126e+00   8.299310e+03   2.047846e+04   2.971248e+04 
 5.241329e+00   7.653774e+03   2.963687e+03   1.768835e+02 
 6.511954e+00   1.034262e+04   4.856897e+04   3.028249e+03 
 6.353126e+00   1.108321e+04   2.563109e+04   2.763029e+04 
 6.353126e+00   1.589944e+04   4.112886e+04   3.253593e+04 
 6.511954e+00   1.544577e+04   5.603295e+04   6.857571e+01 
 6.511954e+00   1.820928e+04   3.854570e+04   6.754918e+04 
 6.511954e+00   1.899557e+04   4.108511e+04   3.620395e+04 
 6.511954e+00   2.157490e+04   3.332731e+04   4.294529e+04 
 6.035470e+00   2.505628e+04   2.094969e+04   4.869217e+04 
 6.511954e+00   3.053310e+04   4.658274e+04   4.208462e+04 
 6.194298e+00   3.957313e+04   2.969132e+04   3.059805e+04 
 6.511954e+00   4.054608e+04   3.972514e+04   2.642240e+04 
 6.511954e+00   4.372143e+04   4.089594e+04   1.251049e+04 
 6.511954e+00   4.404659e+04   5.742941e+04   3.231721e+04 
 6.353126e+00   4.596647e+04   6.347208e+04   7.802968e+03 
 6.511954e+00   4.835520e+04   4.767984e+04   6.596551e+04 
 6.353126e+00   5.079071e+04   2.236952e+03   6.769478e+03 
 6.511954e+00   5.803206e+04   1.667789e+03   2.245873e+04 
 6.511954e+00   5.896005e+04   8.713185e+03   2.013223e+04 
 6.511954e+00   6.048186e+04   4.750347e+04   3.403364e+04 
 6.194298e+00   6.215857e+04   6.368359e+04   1.166430e+04 
 6.353126e+00   1.956875e+01   6.668697e+04   4.654164e+03 
 6.353126e+00   3.077879e+03   1.425311e+04   3.968139e+04 
 6.353126e+00   3.542180e+03   5.128958e+04   3.647639e+04 
 6.353126e+00   2.989156e+03   2.529047e+03   1.104318e+04 
 6.353126e+00   3.481654e+03   3.448978e+04   1.053078e+04 
 6.353126e+00   4.417107e+03   5.106844e+04   3.217773e+02 
 6.353126e+00   5.113408e+03   8.543314e+03   5.634238e+03 
 5.400157e+00   6.487200e+03   3.272895e+04   4.949007e+04 
 6.353126e+00   6.090824e+03   1.370559e+03   6.580825e+04 
 6.035470e+00   7.221469e+03   7.578392e+03   5.283063e+03 
 6.353126e+00   9.198428e+03   2.463016e+04   3.105767e+04 
 5.558985e+00   1.096259e+04   4.207609e+04   6.766141e+04 
 5.558985e+00   1.873622e+04   4.184605e+04   2.453263e+04 
 6.353126e+00   1.753140e+04   6.756538e+04   6.337457e+04 
 6.194298e+00   2.072592e+04   6.161632e+04   2.256958e+04 
 6.194298e+00   2.218292e+04   5.651887e+04   2.829140e+04 
 6.035470e+00   2.291690e+04   4.767630e+04   4.076126e+04 
 6.353126e+00   2.834846e+04   5.596067e+04   5.525145e+04 
 6.353126e+00   3.029654e+04   5.779948e+04   3.152694e+04 
 6.035470e+00   3.388551e+04   5.283163e+04   4.033962e+04 
 6.353126e+00   3.974325e+04   6.614854e+04   6.141714e+02 
 6.353126e+00   4.000533e+04   2.807191e+03   4.747680e+04 
 6.194298e+00   3.868084e+04   3.642082e+04   2.195664e+04 
 6.035470e+00   4.481478e+04   6.193534e+04   6.630403e+04 
 5.717813e+00   4.444268e+04   2.501608e+04   7.792550e+03 
 6.035470e+00   4.493276e+04   2.581534e+04   3.496964e+04 
 6.353126e+00   4.431477e+04   3.899281e+04   2.822085e+04 
 6.353126e+00   4.561264e+04   6.469765e+04   4.781375e+02 
 6.353126e+00   5.203855e+04   5.303779e+04   1.271580e+04 
 6.353126e+00   5.337717e+04   5.253934e+04   6.485892e+03 
 6.353126e+00   5.483589e+04   5.243920e+04   3.314555e+03 
 6.035470e+00   5.544868e+04   5.829027e+04   6.140521e+04 
 6.353126e+00   6.139382e+04   1.860115e+04   6.551838e+04 
 6.353126e+00   6.158391e+04   5.671657e+04   6.674561e+04 
 6.353126e+00   6.529794e+04   2.023321e+03   5.549508e+03 
 5.241329e+00   6.632882e+04   5.414223e+04   3.673021e+04 
 6.194298e+00   6.748936e+04   1.722820e+04   3.954568e+04 
 4.447188e+00   2.330892e+02   7.715110e+02   1.541541e+03 
 5.082500e+00   6.195869e+01   5.461365e+03   3.915818e+03 
 6.194298e+00   6.899706e+02   6.986450e+02   9.034250e+03 
 6.194298e+00   2.362293e+03   1.300847e+04   4.040556e+04 
 6.194298e+00   3.408098e+03   3.138062e+04   5.534459e+04 
 6.035470e+00   3.621954e+03   3.279062e+04   4.053318e+04 
 6.035470e+00   4.238594e+03   5.934348e+04   5.955486e+03 
 6.194298e+00   4.981807e+03   6.696395e+04   2.517077e+04 
 6.035470e+00   6.268933e+03   5.480211e+04   1.330465e+04 
 6.194298e+00   4.899035e+03   3.296968e+03   5.214137e+03 
 6.035470e+00   6.963940e+03   4.066124e+04   3.754133e+04 
 6.194298e+00   1.457398e+04   4.404290e+04   2.852293e+04 
 6.194298e+00   1.853679e+04   2.744410e+04   4.858772e+04 
 6.194298e+00   2.017712e+04   5.889714e+04   2.477534e+04 
 5.558985e+00   2.224371e+04   5.738294e+04   2.884496e+04 
 6.194298e+00   2.318299e+04   5.660095e+04   2.891752e+04 
 6.194298e+00   2.715478e+04   9.763371e+03   1.850437e+04 
 6.194298e+00   3.067210e+04   2.139654e+03   2.254480e+04 
 6.194298e+00   3.278818e+04   2.232674e+04   5.311923e+04 
 6.194298e+00   3.607243e+04   3.809322e+03   6.587620e+04 
 4.764844e+00   3.538399e+04   5.682152e+04   3.807174e+04 
 5.876641e+00   3.809476e+04   2.707868e+02   9.163048e+03 
 5.082500e+00   3.891244e+04   6.458585e+04   4.759095e+02 
 6.035470e+00   3.873388e+04   3.723895e+03   6.336288e+03 
 6.194298e+00   3.800853e+04   1.117978e+04   3.094572e+04 
 6.035470e+00   4.085803e+04   4.189971e+04   1.013921e+04 
 6.194298e+00   4.354466e+04   2.269514e+03   1.031028e+04 
 5.717813e+00   4.530724e+04   6.058534e+04   6.617202e+04 
 4.764844e+00   4.568646e+04   6.182268e+04   6.591996e+04 
 6.194298e+00   4.546691e+04   3.685596e+04   5.415882e+04 
 6.194298e+00   4.778023e+04   5.031797e+04   1.051799e+04 
 6.035470e+00   5.059587e+04   7.403460e+03   1.757613e+03 
 6.194298e+00   5.204918e+04   6.232813e+04   6.141372e+04 
 6.194298e+00   5.396341e+04   5.852495e+04   6.257127e+04 
 6.035470e+00   6.180931e+04   6.344597e+04   1.266053e+04 
 6.194298e+00   6.422559e+04   3.010009e+04   4.314088e+04 
 6.194298e+00   6.686235e+04   5.242351e+04   4.096097e+01 
 6.035470e+00   9.321486e+02   2.189034e+04   2.380608e+04 
 5.717813e+00   2.621342e+03   3.352138e+04   3.237225e+04 
 4.606016e+00   2.043656e+03   3.721640e+02   5.711144e+03 
 5.876641e+00   2.874017e+03   2.668487e+04   4.484465e+03 
 4.923673e+00   3.562687e+03   3.254038e+04   4.063403e+04 
 5.717813e+00   3.112313e+03   6.539598e+04   5.424455e+04 
 6.035470e+00   7.584894e+03   2.742419e+04   2.833775e+04 
 6.035470e+00   1.075611e+04   2.776447e+04   4.514149e+04 
 6.035470e+00   1.480994e+04   5.959823e+04   1.458170e+04 
 6.035470e+00   1.463977e+04   5.941231e+04   1.462476e+04 
 6.035470e+00   1.550980e+04   1.524636e+03   4.032290e+04 
 6.035470e+00   1.559562e+04   6.605057e+04   1.216963e+04 
 6.035470e+00   1.678490e+04   4.481702e+04   4.678750e+04 
 6.035470e+00   1.832749e+04   5.543493e+04   2.523291e+04 
 5.876641e+00   1.929951e+04   1.613357e+04   5.075989e+04 
 6.035470e+00   2.011731e+04   1.033800e+04   5.119582e+04 
 5.876641e+00   2.477076e+04   1.331856e+04   2.631340e+04 
 6.035470e+00   2.526432e+04   1.665088e+04   1.907127e+03 
 5.876641e+00   2.745330e+04   1.297951e+04   5.964740e+04 
 6.035470e+00   2.791939e+04   6.458596e+04   3.052758e+04 
 6.035470e+00   2.925958e+04   1.851401e+04   5.184081e+04 
 6.035470e+00   4.110523e+04   4.796610e+04   3.958602e+04 
 5.876641e+00   4.355096e+04   2.296193e+04   5.790365e+03 
 5.082500e+00   4.599083e+04   6.176773e+04   6.582036e+04 
 5.558985e+00   4.636989e+04   2.219679e+02   2.518397e+03 
 6.035470e+00   4.631971e+04   6.336729e+04   2.555956e+04 
 5.400157e+00   4.943759e+04   5.163230e+04   4.014420e+04 
 5.876641e+00   5.150507e+04   4.149443e+04   1.910696e+04 
 6.035470e+00   5.304351e+04   1.632115e+04   6.471861e+04 
 6.035470e+00   5.362212e+04   1.875631e+04   2.673730e+03 
 5.876641e+00   5.414395e+04   5.506756e+04   1.190281e+04 
 6.035470e+00   6.009195e+04   1.695168e+04   6.576516e+04 
 6.035470e+00   6.316118e+04   3.306227e+04   3.601703e+04 
 6.035470e+00   6.287970e+04   9.621370e+03   5.597289e+04 
 5.876641e+00   7.087530e+02   2.216570e+04   3.725813e+04 
 5.876641e+00   2.469816e+02   2.066734e+03   1.366108e+04 
 5.876641e+00   5.203470e+02   3.164572e+04   3.401119e+04 
 5.876641e+00   9.459886e+02   4.199600e+04   3.122382e+04 
 5.876641e+00   5.167108e+03   2.008030e+04   3.324722e+04 
 5.400157e+00   7.268438e+03   3.446455e+04   1.246981e+04 
 5.717813e+00   1.019628e+04   2.240921e+04   4.160732e+04 
 5.876641e+00   1.046417e+04   7.329859e+02   4.717584e+04 
 5.717813e+00   1.404871e+04   4.371506e+02   4.069911e+04 
 5.876641e+00   1.488563e+04   4.437446e+04   2.872468e+04 
 5.558985e+00   1.536292e+04   2.097528e+04   2.037989e+04 
 5.876641e+00   1.491709e+04   5.180815e+04   6.762114e+04 
 5.876641e+00   1.638413e+04   9.899643e+03   5.021096e+04 
 5.876641e+00   1.876695e+04   2.458147e+04   4.518342e+04 
 5.876641e+00   2.289986e+04   1.054313e+04   1.966734e+04 
 5.876641e+00   2.276543e+04   1.227910e+03   6.295074e+04 
 5.876641e+00   2.593314e+04   6.215831e+04   3.499926e+04 
 5.876641e+00   2.621918e+04   4.136186e+04   9.361187e+03 
 5.876641e+00   2.819020e+04   1.230920e+04   2.273946e+04 
 5.876641e+00   3.185776e+04   3.756838e+04   1.564066e+04 
 5.717813e+00   3.389085e+04   3.330664e+04   2.346573e+04 
 5.876641e+00   3.459925e+04   3.160489e+04   1.903561e+04 
 5.717813e+00   3.433223e+04   4.006119e+04   2.171479e+04 
 5.558985e+00   3.489632e+04   5.749068e+04   3.086799e+04 
 5.400157e+00   4.196746e+04   6.311635e+03   2.972578e+03 
 5.876641e+00   4.352546e+04   2.586762e+04   9.292760e+03 
 5.876641e+00   4.399403e+04   4.564074e+03   1.301563e+04 
 5.717813e+00   4.463804e+04   1.158462e+04   5.323665e+04 
 5.876641e+00   4.810904e+04   5.406417e+04   4.909454e+04 
 5.876641e+00   4.949778e+04   6.515066e+04   3.567928e+04 
 5.558985e+00   5.121016e+04   1.567957e+04   6.481814e+04 
 4.923673e+00   5.108028e+04   4.888000e+04   4.075800e+04 
 5.876641e+00   5.587938e+04   2.497260e+04   3.599588e+04 
 5.717813e+00   5.601453e+04   5.421389e+04   3.704436e+01 
 5.876641e+00   5.600461e+04   5.753991e+04   6.006546e+04 
 5.876641e+00   5.981306e+04   3.843341e+04   4.598266e+04 
 5.876641e+00   6.074960e+04   1.964554e+04   1.278988e+04 
 5.400157e+00   6.444660e+04   2.121755e+03   4.666081e+03 
 5.876641e+00   6.664231e+04   9.237117e+02   2.336216e+03 
 5.876641e+00   7.842004e+02   2.696672e+04   3.465635e+04 
 5.876641e+00   2.713009e+02   6.179421e+04   1.048205e+04 
 5.717813e+00   1.073125e+03   4.991941e+04   2.130391e+04 
 5.558985e+00   6.687273e+04   6.153359e+04   6.140324e+04 
 5.558985e+00   1.496861e+01   6.523090e+04   6.750927e+03 
 3.970704e+00   1.367816e+03   1.685547e+03   8.686675e+03 
 5.717813e+00   2.130333e+03   3.804426e+03   2.968848e+03 
 5.241329e+00   2.158091e+03   3.257270e+03   5.159380e+03 
 5.241329e+00   2.840026e+03   2.341663e+03   5.617093e+03 
 5.558985e+00   5.055464e+03   1.817216e+04   3.381609e+04 
 5.558985e+00   4.033294e+03   5.340081e+04   3.519373e+02 
 5.400157e+00   6.297096e+03   2.091296e+04   3.251800e+04 
 5.400157e+00   6.582136e+03   3.240970e+04   4.919562e+04 
 5.717813e+00   8.323691e+03   3.794347e+04   4.503718e+04 
 5.400157e+00   9.957800e+03   5.597123e+04   7.656466e+03 
 5.717813e+00   1.331949e+04   5.015630e+04   4.086769e+04 
 4.606016e+00   1.260790e+04   4.791052e+02   8.977878e+03 
 5.717813e+00   1.450673e+04   4.470982e+04   2.933037e+04 
 5.717813e+00   1.443189e+04   7.849944e+02   7.480313e+03 
 5.717813e+00   1.490452e+04   1.926724e+04   2.197745e+04 
 5.558985e+00   1.474143e+04   4.852508e+04   1.521703e+04 
 5.717813e+00   1.431782e+04   6.044051e+04   7.722202e+03 
 5.400157e+00   1.590879e+04   4.116412e+04   3.227429e+04 
 5.241329e+00   1.658918e+04   9.746850e+03   4.193365e+04 
 5.717813e+00   2.028263e+04   6.565382e+04   1.947215e+04 
 5.717813e+00   2.104804e+04   6.483770e+04   3.367479e+04 
 5.717813e+00   2.266287e+04   5.897085e+04   3.515730e+04 
 5.558985e+00   2.667624e+04   6.324281e+04   9.909020e+02 
 5.717813e+00   2.723417e+04   5.870873e+03   1.374417e+04 
 5.241329e+00   2.706400e+04   3.522241e+03   2.090508e+04 
 5.717813e+00   2.978881e+04   5.425189e+03   3.133088e+04 
 5.717813e+00   3.464270e+04   5.698605e+04   5.354772e+04 
 5.717813e+00   3.655946e+04   6.740843e+04   5.789154e+04 
 5.717813e+00   3.637618e+04   6.562416e+04   1.922110e+04 
 5.558985e+00   3.641006e+04   6.516814e+04   1.826443e+04 
 5.241329e+00   3.973047e+04   1.443129e+03   7.292523e+03 
 5.717813e+00   3.964773e+04   2.965884e+04   3.073032e+04 
 5.717813e+00   4.163900e+04   6.344993e+04   5.702763e+02 
 5.717813e+00   4.330757e+04   4.087981e+04   3.671753e+04 
 5.717813e+00   4.401141e+04   4.022511e+04   2.682745e+04 
 5.717813e+00   4.680653e+04   5.745091e+03   2.761886e+04 
 5.400157e+00   4.872848e+04   5.323529e+04   5.416202e+04 
 5.717813e+00   4.747851e+04   6.393388e+04   8.252316e+03 
 5.717813e+00   4.856221e+04   4.521669e+04   2.910172e+02 
 5.717813e+00   5.087673e+04   5.258412e+04   5.288753e+04 
 5.717813e+00   4.996293e+04   6.390621e+04   3.393109e+04 
 5.717813e+00   5.169960e+04   5.973764e+04   6.491293e+04 
 5.558985e+00   5.138902e+04   4.171982e+04   1.903303e+04 
 5.717813e+00   5.395168e+04   3.669739e+04   6.753433e+04 
 4.923673e+00   5.398039e+04   5.588984e+04   5.837693e+04 
 5.558985e+00   5.571456e+04   2.174861e+04   6.242435e+04 
 5.558985e+00   5.661872e+04   3.648900e+04   6.489816e+04 
 5.717813e+00   5.726539e+04   6.264527e+04   6.204429e+04 
 5.717813e+00   6.566827e+04   5.617280e+04   3.063876e+04 
 5.558985e+00   1.242084e+02   2.081542e+03   5.341840e+03 
 5.558985e+00   7.147308e+02   4.593857e+04   4.138405e+04 
 5.558985e+00   1.042498e+03   6.312283e+04   5.925663e+04 
 5.558985e+00   3.411094e+03   6.526145e+04   2.513673e+04 
 5.558985e+00   6.621090e+03   1.761068e+04   2.695435e+04 
 5.558985e+00   4.222580e+03   6.764677e+04   6.070173e+03 
 5.558985e+00   5.935729e+03   4.769434e+03   2.585357e+03 
 5.558985e+00   8.369863e+03   2.377468e+04   3.369794e+04 
 5.558985e+00   8.982459e+03   1.903086e+04   3.279466e+04 
 5.558985e+00   1.022440e+04   4.866486e+04   3.421819e+03 
 5.558985e+00   1.085301e+04   3.075916e+04   4.162669e+04 
 5.082500e+00   1.273137e+04   2.687741e+03   4.296452e+04 
 5.558985e+00   1.292377e+04   3.491446e+04   2.420358e+04 
 5.558985e+00   1.649705e+04   6.103734e+03   3.989912e+04 
 5.558985e+00   1.873774e+04   5.524314e+04   2.505266e+04 
 5.558985e+00   2.198383e+04   6.443040e+04   3.847936e+04 
 5.558985e+00   2.552451e+04   6.419961e+04   1.749419e+03 
 5.241329e+00   2.428254e+04   3.642033e+04   4.433139e+04 
 5.241329e+00   2.586115e+04   4.829039e+04   2.835213e+04 
 5.558985e+00   2.992058e+04   5.967693e+04   2.542837e+04 
 5.558985e+00   3.017218e+04   4.981862e+04   3.739270e+04 
 5.558985e+00   3.296244e+04   3.998673e+04   2.553966e+04 
 5.558985e+00   3.783259e+04   4.056229e+04   1.168598e+04 
 5.558985e+00   3.804951e+04   2.819547e+04   2.416970e+04 
 4.923673e+00   4.105634e+04   1.788172e+03   4.007243e+04 
 5.558985e+00   4.515969e+04   5.844468e+04   6.062159e+04 
 5.558985e+00   4.395954e+04   4.073134e+04   2.643013e+04 
 5.558985e+00   4.567209e+04   9.674076e+02   6.124329e+03 
 5.558985e+00   4.554699e+04   5.290860e+04   1.304661e+04 
 5.558985e+00   4.597428e+04   4.314142e+03   2.622491e+04 
 5.241329e+00   4.737195e+04   4.457328e+03   1.189423e+04 
 5.400157e+00   4.897045e+04   2.982378e+03   2.977294e+03 
 5.241329e+00   4.998418e+04   6.014605e+04   6.445043e+04 
 5.558985e+00   5.042171e+04   5.204087e+04   1.695891e+04 
 5.558985e+00   5.256264e+04   5.630834e+04   6.654409e+04 
 5.400157e+00   5.401868e+04   6.689784e+04   5.407631e+04 
 5.241329e+00   5.427504e+04   5.910792e+04   6.551536e+04 
 5.558985e+00   5.611677e+04   6.478540e+04   5.029825e+04 
 5.400157e+00   5.684618e+04   5.843261e+04   1.235951e+04 
 5.558985e+00   6.119316e+04   6.696301e+04   6.658817e+04 
 5.400157e+00   6.392027e+04   2.896382e+03   3.705259e+03 
 5.558985e+00   6.504582e+04   4.975301e+04   3.847646e+03 
 5.241329e+00   4.317853e+02   6.737323e+04   4.593342e+03 
 5.241329e+00   4.189662e+02   8.502467e+03   4.766832e+03 
 5.241329e+00   3.993071e+03   2.209003e+04   3.388395e+04 
 5.400157e+00   4.135043e+03   2.816536e+04   2.469021e+04 
 4.923673e+00   6.294868e+03   3.294186e+04   4.878871e+04 
 5.241329e+00   6.222551e+03   3.315912e+04   4.736704e+04 
 5.241329e+00   5.796365e+03   3.275388e+03   4.909016e+03 
 5.241329e+00   8.293138e+03   3.445849e+04   3.764861e+04 
 5.400157e+00   1.025649e+04   1.858719e+04   3.100245e+04 
 5.400157e+00   1.126014e+04   2.004839e+04   3.016936e+04 
 4.447188e+00   1.252944e+04   7.191106e+03   9.176257e+02 
 5.400157e+00   1.391090e+04   3.429675e+02   4.705925e+04 
 5.241329e+00   1.562811e+04   4.220722e+04   3.104911e+04 
 5.400157e+00   1.807433e+04   6.815082e+03   2.373980e+04 
 5.082500e+00   1.792723e+04   6.738725e+04   4.186795e+04 
 5.082500e+00   1.925676e+04   4.628530e+04   2.434625e+04 
 5.400157e+00   2.026270e+04   2.961315e+04   4.719473e+04 
 5.241329e+00   2.169382e+04   5.787712e+04   3.003179e+04 
 5.400157e+00   2.134046e+04   1.386743e+04   5.379091e+04 
 5.400157e+00   2.314483e+04   4.808882e+04   4.048030e+04 
 5.082500e+00   2.567757e+04   4.100455e+04   4.097216e+04 
 4.764844e+00   2.599246e+04   4.840016e+04   2.843813e+04 
 5.400157e+00   2.674371e+04   2.682106e+04   4.022785e+04 
 3.970704e+00   3.270446e+04   5.299101e+04   3.958323e+04 
 5.400157e+00   3.350895e+04   5.326917e+04   2.486656e+04 
 5.400157e+00   3.451362e+04   1.884463e+03   1.407123e+04 
 5.400157e+00   3.608595e+04   4.797946e+04   6.734316e+04 
 4.764844e+00   3.768654e+04   2.897792e+04   1.736996e+04 
 5.400157e+00   3.915492e+04   2.272280e+04   1.100675e+04 
 5.241329e+00   3.925014e+04   1.396337e+04   2.407323e+04 
 4.923673e+00   3.938668e+04   6.227793e+02   8.231553e+03 
 4.923673e+00   3.985029e+04   1.401553e+03   7.586006e+03 
 5.082500e+00   4.067389e+04   2.150097e+04   5.804486e+04 
 5.400157e+00   4.636427e+04   5.630391e+04   3.247049e+03 
 5.241329e+00   4.598846e+04   5.180223e+02   5.689601e+03 
 5.241329e+00   4.558951e+04   9.500123e+02   6.344087e+03 
 5.400157e+00   4.548348e+04   4.340256e+04   1.617574e+04 
 5.400157e+00   4.753264e+04   1.093897e+04   5.637809e+04 
 4.923673e+00   4.799533e+04   6.711939e+04   1.498613e+04 
 5.400157e+00   5.034155e+04   5.952269e+04   6.420821e+04 
 5.082500e+00   5.221397e+04   2.054798e+04   5.506904e+04 
 5.400157e+00   5.267623e+04   6.300074e+04   2.410734e+03 
 4.923673e+00   5.327325e+04   5.679344e+04   6.707614e+04 
 5.400157e+00   5.525447e+04   2.964752e+04   4.431759e+04 
 3.653047e+00   5.680253e+04   6.296058e+04   1.601638e+03 
 5.400157e+00   6.106235e+04   2.873237e+04   4.234261e+04 
 5.400157e+00   6.213778e+04   3.448357e+04   3.112090e+04 
 5.400157e+00   6.144908e+04   1.661462e+03   4.314900e+04 
 5.400157e+00   6.163796e+04   5.800982e+04   6.564364e+04 
 5.241329e+00   6.318743e+04   3.567645e+04   3.066012e+04 
 5.400157e+00   6.199792e+04   6.118458e+04   5.756509e+04 
 5.400157e+00   6.413880e+04   5.192283e+04   4.366945e+04 
 5.241329e+00   6.632152e+04   1.374812e+04   3.464266e+04 
 5.082500e+00   6.581991e+04   4.241697e+04   2.748981e+02 
 4.764844e+00   6.753103e+04   1.947272e+03   5.154565e+03 
 4.923673e+00   1.166026e+01   9.610158e+03   3.169050e+03 
 5.241329e+00   9.633504e+01   1.715322e+04   6.290475e+04 
 5.241329e+00   1.124976e+03   2.710168e+03   2.176557e+03 
 5.241329e+00   6.688952e+04   5.199010e+04   5.983485e+04 
 5.241329e+00   3.380598e+03   5.902269e+04   2.778582e+04 
 4.447188e+00   4.518867e+03   2.789879e+04   4.403724e+04 
 5.082500e+00   3.885304e+03   3.272254e+04   3.897316e+04 
 5.082500e+00   4.089965e+03   1.620456e+01   9.756626e+03 
 5.241329e+00   5.270454e+03   2.150580e+04   3.285110e+04 
 5.241329e+00   4.889068e+03   5.970657e+04   4.716215e+03 
 4.923673e+00   6.212880e+03   2.297874e+04   3.341154e+04 
 5.241329e+00   6.488259e+03   2.298359e+04   2.763656e+04 
 4.447188e+00   7.224542e+03   3.674150e+03   3.416266e+03 
 5.241329e+00   8.620974e+03   2.224682e+04   2.877897e+04 
 5.082500e+00   9.363133e+03   4.554051e+04   3.449715e+04 
 5.241329e+00   9.054804e+03   2.129806e+04   2.924038e+04 
 4.447188e+00   1.077199e+04   4.082012e+04   6.768132e+04 
 5.241329e+00   1.206154e+04   6.380696e+04   3.793879e+04 
 5.241329e+00   1.189084e+04   6.350033e+04   3.737430e+04 
 5.241329e+00   1.292622e+04   3.630062e+04   5.843014e+04 
 5.241329e+00   1.165059e+04   2.241611e+04   3.593035e+04 
 5.241329e+00   1.361657e+04   3.371945e+04   2.471238e+04 
 5.241329e+00   1.374310e+04   2.588750e+03   4.289718e+04 
 5.241329e+00   1.570138e+04   6.415612e+04   5.708027e+03 
 5.241329e+00   1.683759e+04   1.120580e+04   4.196625e+04 
 5.241329e+00   1.824341e+04   3.130313e+04   4.142147e+04 
 5.241329e+00   1.966201e+04   2.453210e+04   1.915049e+04 
 5.241329e+00   2.303911e+04   5.658982e+04   2.863930e+04 
 5.241329e+00   2.337305e+04   4.928477e+04   2.773559e+04 
 4.923673e+00   2.462250e+04   1.318854e+04   2.684330e+04 
 5.241329e+00   2.505339e+04   3.853286e+04   2.555357e+04 
 5.241329e+00   2.609899e+04   6.232737e+04   3.520779e+04 
 5.241329e+00   2.784901e+04   6.272910e+03   5.356362e+04 
 5.082500e+00   3.043096e+04   6.753904e+04   2.085044e+04 
 5.082500e+00   3.336222e+04   5.159602e+04   6.287395e+04 
 5.241329e+00   3.354424e+04   3.824254e+04   2.091074e+04 
 4.923673e+00   3.440144e+04   4.342657e+04   5.750285e+04 
 5.241329e+00   3.510118e+04   1.778636e+04   5.157729e+04 
 5.082500e+00   4.130214e+04   5.819531e+03   2.843152e+03 
 5.241329e+00   4.048128e+04   2.483826e+04   1.714341e+04 
 4.606016e+00   4.059648e+04   4.866003e+03   3.907433e+04 
 5.241329e+00   4.158252e+04   2.223518e+04   7.055577e+03 
 4.288360e+00   4.428193e+04   5.998360e+04   8.586767e+03 
 5.241329e+00   4.529338e+04   3.241221e+04   4.784372e+04 
 5.241329e+00   4.556602e+04   4.091984e+04   9.362753e+03 
 5.241329e+00   4.743270e+04   3.258797e+04   4.432987e+04 
 4.606016e+00   5.244336e+04   5.757050e+04   6.601216e+04 
 5.241329e+00   5.284442e+04   1.465590e+04   3.735993e+04 
 4.606016e+00   5.277797e+04   3.583074e+04   2.013248e+04 
 5.082500e+00   5.371535e+04   6.715484e+04   2.690938e+03 
 4.447188e+00   5.391888e+04   5.540293e+04   5.728613e+04 
 5.241329e+00   5.401241e+04   1.837019e+04   5.054391e+04 
 5.241329e+00   5.453549e+04   6.769080e+04   5.384472e+04 
 4.764844e+00   5.806257e+04   2.906070e+04   4.694649e+04 
 5.241329e+00   5.845118e+04   6.430934e+04   6.404437e+04 
 5.082500e+00   5.996949e+04   5.945797e+04   5.344059e+04 
 5.241329e+00   6.491710e+04   3.057547e+04   3.016594e+04 
 5.082500e+00   6.600045e+04   6.714989e+04   6.593645e+04 
 5.241329e+00   2.348022e+02   5.892674e+04   2.690726e+03 
 5.082500e+00   6.750293e+04   3.925689e+03   5.565793e+04 
 5.082500e+00   3.835909e+02   3.222222e+04   3.392731e+04 
 5.082500e+00   6.758391e+04   5.386472e+04   3.579234e+04 
 4.606016e+00   6.693415e+04   6.140143e+04   6.151514e+04 
 5.082500e+00   2.881612e+03   2.237907e+04   2.977739e+04 
 5.082500e+00   3.626228e+03   1.584039e+04   1.346062e+04 
 4.764844e+00   3.616208e+03   6.766470e+04   1.028059e+04 
 5.082500e+00   4.409809e+03   5.236269e+04   4.031150e+04 
 5.082500e+00   4.699940e+03   6.655197e+04   1.809341e+03 
 5.082500e+00   7.532501e+03   5.023900e+04   3.305448e+04 
 5.082500e+00   8.725423e+03   2.132846e+04   3.152789e+04 
 5.082500e+00   9.927499e+03   5.605780e+04   7.169195e+03 
 4.606016e+00   1.206008e+04   5.002766e+04   2.410548e+04 
 5.082500e+00   1.162852e+04   5.000862e+04   3.246733e+04 
 5.082500e+00   1.656774e+04   6.748226e+04   3.118826e+04 
 5.082500e+00   1.581274e+04   4.472307e+04   5.101718e+04 
 5.082500e+00   1.601213e+04   4.524524e+04   1.700741e+03 
 4.923673e+00   1.662629e+04   2.876408e+04   4.570000e+04 
 4.923673e+00   1.674067e+04   4.139434e+04   4.073263e+03 
 5.082500e+00   1.856701e+04   1.477925e+04   2.289522e+04 
 5.082500e+00   2.084419e+04   5.044065e+04   4.275741e+04 
 5.082500e+00   2.286836e+04   5.952596e+04   3.389321e+04 
 5.082500e+00   2.292996e+04   2.057342e+00   6.403732e+04 
 5.082500e+00   2.454779e+04   6.602030e+04   6.373902e+04 
 5.082500e+00   2.984432e+04   5.645793e+04   1.685512e+04 
 5.082500e+00   3.201787e+04   3.607834e+04   1.411509e+04 
 5.082500e+00   3.202356e+04   4.135516e+04   4.528747e+04 
 5.082500e+00   3.261354e+04   4.013057e+04   2.697179e+04 
 5.082500e+00   3.350624e+04   5.611395e+04   1.843086e+04 
 4.764844e+00   3.395664e+04   5.696730e+04   1.961225e+04 
 5.082500e+00   3.607314e+04   6.717198e+04   6.603038e+04 
 5.082500e+00   3.610048e+04   5.784752e+04   4.996484e+04 
 4.764844e+00   3.722276e+04   1.430011e+04   4.644015e+04 
 5.082500e+00   3.767020e+04   1.552661e+04   1.268754e+04 
 5.082500e+00   3.659437e+04   6.506205e+04   1.761074e+04 
 5.082500e+00   3.958284e+04   6.699182e+04   6.622712e+04 
 5.082500e+00   4.038361e+04   6.579474e+04   5.627700e+02 
 5.082500e+00   4.354538e+04   3.167075e+04   3.032772e+04 
 5.082500e+00   4.366906e+04   3.344165e+04   2.419013e+04 
 5.082500e+00   5.006261e+04   5.667339e+04   6.678501e+03 
 5.082500e+00   4.795490e+04   1.368711e+04   3.206352e+04 
 4.923673e+00   4.888765e+04   6.687338e+04   1.647848e+04 
 4.923673e+00   4.939666e+04   5.322274e+04   5.288670e+04 
 4.923673e+00   5.042297e+04   3.554770e+03   2.043475e+04 
 5.082500e+00   5.145351e+04   1.810409e+04   4.761152e+04 
 5.082500e+00   5.155350e+04   1.673671e+04   5.987911e+04 
 5.082500e+00   5.172930e+04   2.959108e+04   4.759677e+04 
 4.923673e+00   5.238904e+04   1.005267e+04   1.132346e+03 
 4.923673e+00   5.285970e+04   2.108009e+04   5.417170e+04 
 5.082500e+00   5.182776e+04   6.301177e+04   2.657748e+04 
 4.923673e+00   5.228876e+04   1.249430e+04   8.389850e+02 
 5.082500e+00   5.463157e+04   6.066870e+04   6.765969e+04 
 5.082500e+00   5.429616e+04   4.750356e+04   1.774544e+04 
 4.923673e+00   5.648967e+04   3.718509e+04   6.471145e+04 
 5.082500e+00   5.560287e+04   5.729307e+04   1.242377e+04 
 4.923673e+00   5.646942e+04   5.150189e+04   6.347775e+04 
 5.082500e+00   5.731724e+04   3.734037e+04   1.985574e+04 
 5.082500e+00   5.912290e+04   4.009359e+03   4.857423e+03 
 5.082500e+00   6.275868e+04   4.267766e+04   2.462050e+04 
 4.764844e+00   6.438296e+04   6.336291e+04   1.024922e+04 
 5.082500e+00   6.661726e+04   5.781591e+04   1.766106e+04 
 4.129532e+00   6.635620e+04   6.722841e+04   6.526841e+04 
 3.653047e+00   8.131998e+01   3.574642e+03   1.334106e+04 
 4.764844e+00   6.734730e+04   2.324885e+02   8.235623e+01 
 5.082500e+00   3.962835e+02   3.346017e+04   4.220295e+04 
